Using 12 cores
4206785 titles
[('0',
  [16132,
   20373,
   25453,
   26960,
   47727,
   53848,
   58830,
   59606,
   59704,
   59741,
   60712,
   60907,
   60909,
   61094,
   62645,
   62832,
   63052,
   63055,
   63108,
   63176,
   64158,
   65074,
   67091,
   67472,
   68205,
   69550,
   70456,
   71142,
   71155,
   71305,
   71305,
   71614,
   71639,
   71817,
   71928,
   71966,
   72465,
   72972,
   74059,
   74485,
   75249,
   75878,
   79635,
   79636,
   79637,
   79926,
   80908,
   81184,
   82222,
   83251,
   83819,
   85247,
   87046,
   87598,
   87601,
   87603,
   89614,
   89853,
   90264,
   91553,
   92046,
   93301,
   95482,
   100380,
   101499,
   101845,
   105183,
   105936,
   106749,
   107001,
   107208,
   107729,
   107891,
   108481,
   110822,
   110884,
   114772,
   116355,
   117621,
   120088,
   120088,
   120088,
   120088,
   120584,
   120772,
   121867,
   122188,
   123571,
   123571,
   123571,
   124710,
   124752,
   124938,
   125120,
   125327,
   144164,
   144224,
   144855,
   147826,
   188010,
   249172,
   249172,
   251615,
   251616,
   302545,
   307925,
   350932,
   368161,
   368968,
   372357,
   373209,
   373212,
   378894,
   379741,
   379765,
   379766,
   379789,
   379795,
   379842,
   379848,
   379850,
   379857,
   379859,
   379864,
   379868,
   380864,
   383567,
   384476,
   385565,
   386952,
   391477,
   396883,
   401140,
   407298,
   409299,
   420198,
   420464,
   421645,
   429083,
   435191,
   435192,
   438655,
   453919,
   453931,
   455844,
   456864,
   473457,
   481247,
   485743,
   491496,
   494714,
   495333,
   495973,
   498470,
   498928,
   498929,
   502152,
   502183,
   502340,
   505630,
   505631,
   507794,
   507856,
   510406,
   521777,
   522472,
   524105,
   525700,
   528157,
   529888,
   532648,
   532888,
   538371,
   548312,
   551927,
   552375,
   554567,
   555211,
   563039,
   570191,
   573162,
   587754,
   632979,
   640921,
   646444,
   647070,
   647926,
   648513,
   653009,
   653518,
   653519,
   653610,
   670870,
   679285,
   684034,
   684783,
   694961,
   694962,
   698132,
   700076,
   700640,
   701037,
   703169,
   713877,
   717379,
   753670,
   755368,
   755368,
   799553,
   806524,
   821968,
   880761,
   903592,
   925980,
   928457,
   928460,
   933590,
   933890,
   963778,
   1006276,
   1034628,
   1038059,
   1038060,
   1073381,
   1089134,
   1165030,
   1173919,
   1177589,
   1178414,
   1195556,
   1215583,
   1223569,
   1266626,
   1266626,
   1286858,
   1286859,
   1288722,
   1289634,
   1313230,
   1360169,
   1427186,
   1427533,
   1427534,
   1427535,
   1427536,
   1427537,
   1429427,
   1429428,
   1434092,
   1435522,
   1435528,
   1467732,
   1468377,
   1468430,
   1468430,
   1469072,
   1470748,
   1470776,
   1481965,
   1491326,
   1494357,
   1521312,
   1563776,
   1579391,
   1579393,
   1579394,
   1579396,
   1590630,
   1604191,
   1613673,
   1620141,
   1621528,
   1656294,
   1659750,
   1659751,
   1661084,
   1661115,
   1661953,
   1668629,
   1668631,
   1678086,
   1678088,
   1680802,
   1699227,
   1734749,
   1736858,
   1736909,
   1736917,
   1736923,
   1737203,
   1737546,
   1737668,
   1737921,
   1738069,
   1738072,
   1738073,
   1738133,
   1738138,
   1738141,
   1738143,
   1738147,
   1738153,
   1739207,
   1740239,
   1740872,
   1740875,
   1740888,
   1740889,
   1740938,
   1740971,
   1740974,
   1740983,
   1740984,
   1741001,
   1741134,
   1746839,
   1747886,
   1747887,
   1748098,
   1758482,
   1775616,
   1776294,
   1777788,
   1777851,
   1778782,
   1783080,
   1783591,
   1783591,
   1783685,
   1783798,
   1783799,
   1783800,
   1783833,
   1783834,
   1783843,
   1783843,
   1783858,
   1783966,
   1783966,
   1783995,
   1784054,
   1784058,
   1784176,
   1784178,
   1784178,
   1784189,
   1784193,
   1784199,
   1784200,
   1784227,
   1784227,
   1784252,
   1784297,
   1784322,
   1784322,
   1784323,
   1784359,
   1784448,
   1784459,
   1784462,
   1784463,
   1784509,
   1784510,
   1784517,
   1784520,
   1784520,
   1784527,
   1784527,
   1784533,
   1784560,
   1784561,
   1784618,
   1784618,
   1785158,
   1785177,
   1785178,
   1785180,
   1785194,
   1785208,
   1785208,
   1785209,
   1785209,
   1785209,
   1785209,
   1785210,
   1785210,
   1785216,
   1785216,
   1785218,
   1785219,
   1785221,
   1785223,
   1785230,
   1785237,
   1785238,
   1785238,
   1785244,
   1785245,
   1785245,
   1785248,
   1785249,
   1785249,
   1785250,
   1785257,
   1785257,
   1785260,
   1785260,
   1785262,
   1785263,
   1785263,
   1785264,
   1785269,
   1785269,
   1785269,
   1785269,
   1785270,
   1785270,
   1785280,
   1785281,
   1785282,
   1785282,
   1785295,
   1785430,
   1785430,
   1785431,
   1785431,
   1786462,
   1786462,
   1786480,
   1786484,
   1786484,
   1786659,
   1786660,
   1786697,
   1786698,
   1786699,
   1786700,
   1786716,
   1786811,
   1786855,
   1786970,
   1787200,
   1787200,
   1787275,
   1787354,
   1787411,
   1787434,
   1787503,
   1787506,
   1787507,
   1787522,
   1787527,
   1787528,
   1787534,
   1787535,
   1787536,
   1787537,
   1787568,
   1787568,
   1787576,
   1787577,
   1787578,
   1787579,
   1787580,
   1787581,
   1787582,
   1787583,
   1787584,
   1787585,
   1787586,
   1787586,
   1787587,
   1787587,
   1787587,
   1787587,
   1787590,
   1787596,
   1787597,
   1787598,
   1787599,
   1787600,
   1787601,
   1787602,
   1787603,
   1787604,
   1787605,
   1787606,
   1787607,
   1787608,
   1787609,
   1787610,
   1787611,
   1787612,
   1787640,
   1787641,
   1787649,
   1787649,
   1787656,
   1787712,
   1787712,
   1787715,
   1787731,
   1787731,
   1787771,
   1787786,
   1787790,
   1787883,
   1787884,
   1787884,
   1787886,
   1787888,
   1787888,
   1787975,
   1787977,
   1787977,
   1787991,
   1787991,
   1788099,
   1788099,
   1788100,
   1788280,
   1788303,
   1788349,
   1788350,
   1788350,
   1788373,
   1788389,
   1788390,
   1788390,
   1788450,
   1788527,
   1788571,
   1788572,
   1788678,
   1788678,
   1788724,
   1788882,
   1788882,
   1788884,
   1788885,
   1788885,
   1788886,
   1788886,
   1788888,
   1788889,
   1788900,
   1788904,
   1788904,
   1788917,
   1788918,
   1788919,
   1789025,
   1789035,
   1789035,
   1789596,
   1789596,
   1793169,
   1793169,
   1824945,
   1824945,
   1826844,
   1826845,
   1826846,
   1878154,
   1879148,
   1879479,
   1879784,
   1885515,
   1885516,
   1887340,
   1887344,
   1887345,
   1890741,
   1893992,
   1897478,
   1902073,
   1902077,
   1910227,
   1917867,
   1918105,
   1918261,
   1934028,
   1944932,
   1973985,
   1992758,
   1995927,
   1995929,
   2037345,
   2041726,
   2045474,
   2045739,
   2045749,
   2048723,
   2054023,
   2055916,
   2081963,
   2099958,
   2100272,
   2100280,
   2102796,
   2108323,
   2120002,
   2122136,
   2122137,
   2133594,
   2134484,
   2149882,
   2149883,
   2150763,
   2153902,
   2153922,
   2170776,
   2202607,
   2203663,
   2213119,
   2217663,
   2295855,
   2299032,
   2351987,
   2360145,
   2362081,
   2371828,
   2379707,
   2383547,
   2395629,
   2395630,
   2397607,
   2405436,
   2424959,
   2424962,
   2424974,
   2427564,
   2448930,
   2476371,
   2481730,
   2499458,
   2507482,
   2523064,
   2526758,
   2564299,
   2575866,
   2602894,
   2603297,
   2610549,
   2617314,
   2617315,
   2631437,
   2631468,
   2638104,
   2646246,
   2646247,
   2648820,
   2658469,
   2675682,
   2675683,
   2694095,
   2723953,
   2724859,
   2724860,
   2724868,
   2728216,
   2736317,
   2737516,
   2747399,
   2747400,
   2784771,
   2787440,
   2792512,
   2794903,
   2806556,
   2806557,
   2806567,
   2808425,
   2815134,
   2826916,
   2834938,
   2834939,
   2886814,
   2917584,
   2917586,
   2960098,
   2963867,
   2965858,
   2978086,
   2996356,
   3014305,
   3016158,
   3037351,
   3081187,
   3095513,
   3099992,
   3101251,
   3139874,
   3159116,
   3194279,
   3222909,
   3237966,
   3245061,
   3249351,
   3256424,
   3256425,
   3337125,
   3340092,
   3355060,
   3377405,
   3377405,
   3377406,
   3400498,
   3401122,
   3407746,
   3408585,
   3412681,
   3430429,
   3452367,
   3453862,
   3454783,
   3463228,
   3465776,
   3466784,
   3467222,
   3467253,
   3467596,
   3467596,
   3467596,
   3467596,
   3472870,
   3475192,
   3475718,
   3482062,
   3484396,
   3488587,
   3490050,
   3491733,
   3492451,
   3492456,
   3493235,
   3551701,
   3562221,
   3567038,
   3605288,
   3605289,
   3605290,
   3621255,
   3622304,
   3622702,
   3625474,
   3630229,
   3672808,
   3694750,
   3699003,
   3700353,
   3701206,
   3701206,
   3708876,
   3754138,
   3755693,
   3760176,
   3761776,
   3761777,
   3762350,
   3815425,
   3815425,
   3825190,
   3825190,
   3830302,
   3831467,
   3834105,
   3923133,
   3923133,
   3940816,
   3982069,
   3986596,
   4009373,
   4015854,
   4033591,
   4051913,
   4084687,
   4085840,
   4149810,
   4157674,
   4158226,
   4158226,
   4164353,
   4166833,
   4167072,
   4170131,
   4177264,
   4195537,
   4196869,
   4203554,
   4203776,
   4203776,
   4206600]),
 ('00',
  [757,
   768,
   769,
   770,
   791,
   806,
   833,
   836,
   846,
   852,
   912,
   927,
   931,
   935,
   942,
   958,
   977,
   979,
   981,
   982,
   992,
   1446,
   1831,
   2250,
   2778,
   3096,
   3182,
   3700,
   4016,
   8940,
   8947,
   10445,
   10821,
   10903,
   11166,
   11489,
   11707,
   12578,
   12750,
   13316,
   13317,
   13324,
   13609,
   13646,
   13648,
   13675,
   13677,
   18196,
   18407,
   18582,
   19869,
   20018,
   20616,
   20667,
   20668,
   21353,
   21690,
   21729,
   21973,
   22066,
   22195,
   22214,
   22401,
   22527,
   22570,
   23438,
   23763,
   25709,
   25730,
   26610,
   26839,
   27334,
   27701,
   28835,
   28848,
   29128,
   31275,
   31316,
   31851,
   35733,
   36821,
   37245,
   43908,
   43909,
   57972,
   75929,
   75930,
   75935,
   75935,
   87200,
   87401,
   87681,
   87686,
   87732,
   87733,
   87786,
   87830,
   87951,
   88746,
   92725,
   92959,
   93726,
   100094,
   109309,
   110605,
   114628,
   117522,
   123772,
   123776,
   126827,
   130798,
   140872,
   144225,
   153059,
   154030,
   154834,
   158397,
   158397,
   161709,
   161918,
   161941,
   162100,
   166148,
   172127,
   188584,
   208999,
   213887,
   215658,
   216416,
   226519,
   251205,
   253213,
   253938,
   266100,
   271578,
   283306,
   289362,
   295130,
   305979,
   311608,
   311615,
   314627,
   317131,
   317133,
   317365,
   328106,
   328106,
   328108,
   328110,
   328111,
   328112,
   330665,
   330666,
   330666,
   330699,
   330703,
   330711,
   330753,
   330756,
   330783,
   332120,
   332525,
   332716,
   335980,
   336281,
   337314,
   338116,
   338526,
   338529,
   338544,
   338695,
   338713,
   338793,
   338850,
   338985,
   339191,
   339212,
   339278,
   339317,
   339338,
   339408,
   339434,
   339473,
   339774,
   339838,
   340277,
   340286,
   340367,
   340463,
   340993,
   341216,
   341415,
   341420,
   341430,
   341481,
   341619,
   341624,
   341655,
   341679,
   342199,
   342391,
   342631,
   342734,
   342734,
   343157,
   343622,
   343654,
   344074,
   344074,
   344081,
   344133,
   344217,
   344312,
   344312,
   345055,
   345076,
   345657,
   345845,
   345883,
   345958,
   346047,
   346405,
   346516,
   346698,
   346788,
   346970,
   346990,
   347486,
   347764,
   349782,
   350210,
   350325,
   350716,
   350718,
   350958,
   351914,
   351915,
   351955,
   352024,
   352250,
   352256,
   352419,
   352709,
   352754,
   352766,
   352840,
   352890,
   352890,
   352906,
   353028,
   353044,
   353108,
   353666,
   354263,
   354902,
   355717,
   355729,
   356102,
   356321,
   356603,
   358481,
   358852,
   358982,
   359040,
   359073,
   359197,
   359333,
   359544,
   360084,
   360310,
   360596,
   360918,
   361262,
   361391,
   362308,
   362446,
   362648,
   363697,
   364101,
   364105,
   367845,
   368097,
   369010,
   370379,
   379821,
   380418,
   380563,
   380717,
   384528,
   456193,
   465113,
   480680,
   480821,
   484268,
   494159,
   495188,
   495440,
   496125,
   500377,
   503122,
   510920,
   517230,
   518144,
   524588,
   524762,
   525516,
   526449,
   526948,
   527797,
   535066,
   541871,
   542704,
   543311,
   543817,
   545034,
   545773,
   547514,
   549136,
   549839,
   552424,
   552441,
   554394,
   561877,
   562302,
   562306,
   562309,
   562317,
   562318,
   565205,
   565206,
   572875,
   573476,
   574649,
   575399,
   575777,
   580886,
   590827,
   590858,
   592236,
   598396,
   612710,
   613252,
   613301,
   615467,
   616987,
   617250,
   617268,
   617314,
   617451,
   617455,
   618287,
   622727,
   622792,
   622848,
   623570,
   625369,
   625412,
   625711,
   627247,
   627571,
   629360,
   629425,
   630000,
   630892,
   631637,
   631808,
   632594,
   632670,
   632951,
   633525,
   633526,
   633533,
   633534,
   633537,
   633543,
   633544,
   633545,
   633546,
   633549,
   633553,
   633554,
   633557,
   633558,
   633572,
   633592,
   633596,
   633599,
   633621,
   633623,
   633624,
   633628,
   633639,
   633650,
   633660,
   633670,
   633679,
   633682,
   633683,
   633685,
   637445,
   637795,
   640294,
   642284,
   642403,
   642439,
   642481,
   642936,
   642942,
   642944,
   644431,
   644781,
   644782,
   645119,
   645120,
   645202,
   645257,
   645421,
   645778,
   648090,
   648462,
   652876,
   653035,
   658280,
   661234,
   668027,
   669342,
   670706,
   671051,
   673071,
   685082,
   691232,
   691233,
   691235,
   691236,
   691237,
   691239,
   691244,
   691245,
   691246,
   691247,
   691280,
   691282,
   691284,
   691285,
   691286,
   691289,
   691290,
   691297,
   696086,
   696567,
   702974,
   703073,
   703115,
   706497,
   706825,
   737539,
   741116,
   744495,
   744769,
   747168,
   750475,
   752908,
   752993,
   753071,
   753620,
   753709,
   753714,
   753729,
   753849,
   753859,
   753883,
   753892,
   753920,
   753936,
   753940,
   754000,
   754045,
   754090,
   754096,
   754115,
   754131,
   754150,
   754171,
   754173,
   754200,
   754335,
   754361,
   754373,
   754384,
   754394,
   754429,
   754449,
   754489,
   754490,
   754512,
   754513,
   754552,
   754569,
   754572,
   754587,
   754594,
   754608,
   754623,
   754628,
   754705,
   754728,
   754752,
   754757,
   754789,
   754790,
   754791,
   755658,
   757127,
   757222,
   757311,
   757337,
   758392,
   760907,
   761248,
   761250,
   761288,
   766874,
   769616,
   773930,
   773939,
   773945,
   773976,
   774032,
   774057,
   774065,
   774071,
   774074,
   774093,
   774096,
   774098,
   774108,
   774131,
   774293,
   774355,
   774593,
   774634,
   774668,
   774701,
   774729,
   774748,
   774756,
   774761,
   774772,
   774780,
   774782,
   774784,
   774789,
   774804,
   774810,
   774848,
   774960,
   775100,
   775101,
   780869,
   780878,
   783099,
   784049,
   784597,
   786398,
   794125,
   798970,
   801983,
   804751,
   804765,
   806268,
   806268,
   809940,
   812099,
   812749,
   812759,
   813928,
   816593,
   817288,
   817440,
   817587,
   824708,
   827319,
   827372,
   865252,
   872253,
   873916,
   873942,
   873945,
   873955,
   873969,
   873971,
   873973,
   873975,
   873987,
   874074,
   874087,
   874102,
   874113,
   874120,
   874124,
   874130,
   874133,
   876640,
   877154,
   877705,
   913256,
   915397,
   917064,
   917191,
   917227,
   917299,
   917435,
   917567,
   917621,
   917673,
   918083,
   920220,
   931724,
   934863,
   935068,
   936061,
   940766,
   948288,
   948589,
   948666,
   948691,
   948889,
   948930,
   948955,
   949145,
   949190,
   949236,
   950088,
   951800,
   951818,
   951842,
   951867,
   951930,
   952245,
   952948,
   953116,
   953122,
   953319,
   953536,
   953685,
   953800,
   953929,
   954026,
   954240,
   954380,
   954381,
   954899,
   954902,
   955088,
   955148,
   955179,
   955182,
   955225,
   955226,
   955269,
   955277,
   955327,
   955343,
   955353,
   955358,
   955366,
   955389,
   955397,
   955406,
   955468,
   955482,
   955498,
   955599,
   955631,
   955634,
   955658,
   955683,
   955694,
   955729,
   955730,
   955731,
   955732,
   955737,
   955807,
   955810,
   955813,
   955814,
   955830,
   955857,
   955858,
   955889,
   955894,
   955895,
   955900,
   955902,
   955903,
   955932,
   955946,
   955947,
   955955,
   956004,
   956022,
   956022,
   956048,
   956077,
   956083,
   956148,
   956148,
   956155,
   956160,
   956164,
   956168,
   956183,
   956192,
   956334,
   956346,
   956377,
   956377,
   956383,
   956387,
   956392,
   956394,
   956409,
   956424,
   956434,
   956452,
   956516,
   956520,
   956555,
   956600,
   956604,
   956609,
   956615,
   956673,
   956720,
   956731,
   956735,
   956736,
   956772,
   956775,
   956786,
   956802,
   956819,
   956831,
   956850,
   956856,
   956862,
   956884,
   956896,
   956955,
   956962,
   956975,
   957013,
   957759,
   957860,
   957863,
   957997,
   963502,
   963543,
   963549,
   963552,
   963558,
   963576,
   963641,
   963644,
   963678,
   963727,
   963730,
   963743,
   963799,
   963843,
   963848,
   963857,
   964015,
   964049,
   964066,
   964106,
   964156,
   964212,
   964232,
   964244,
   964268,
   964274,
   964326,
   964338,
   964388,
   964416,
   964424,
   964455,
   964460,
   964512,
   964546,
   964573,
   964576,
   964579,
   964596,
   964626,
   964658,
   964699,
   964717,
   964732,
   964741,
   964780,
   964813,
   964875,
   964878,
   964878,
   964950,
   964975,
   964976,
   964977,
   964978,
   964979,
   964980,
   965197,
   965231,
   965523,
   965796,
   966801,
   967388,
   968223,
   985898,
   986734,
   986915,
   987722,
   988454,
   989393,
   989394,
   990170,
   990505,
   1000343,
   1004245,
   1005080,
   1006782,
   1013238,
   1019595,
   1020482,
   1021047,
   1025118,
   1025119,
   1025127,
   1026226,
   1027536,
   1027536,
   1032125,
   1032278,
   1032312,
   1032315,
   1032495,
   1033770,
   1037946,
   1039248,
   1040196,
   1043181,
   1043694,
   1044114,
   1059197,
   1063624,
   1063652,
   1063663,
   1063671,
   1063694,
   1063703,
   1063721,
   1063743,
   1063744,
   1063771,
   1063793,
   1063801,
   1063827,
   1063829,
   1063832,
   1063876,
   1063878,
   1063928,
   1063936,
   1063961,
   1063970,
   1064010,
   1064027,
   1064030,
   1064031,
   1064053,
   1064062,
   1064064,
   1064081,
   1064084,
   1064113,
   1064122,
   1064128,
   1064134,
   1064162,
   1064205,
   1064207,
   1064231,
   1064257,
   1064260,
   1064266,
   1064399,
   1064415,
   1064420,
   1064425,
   1064433,
   1064450,
   1064485,
   1064509,
   1064524,
   1064557,
   1064568,
   1064572,
   1064620,
   1064637,
   1064660,
   1064664,
   1064682,
   1064687,
   1064716,
   1064740,
   1064843,
   1064904,
   1064905,
   1064960,
   1065017,
   1065021,
   1065032,
   1065033,
   1065046,
   1068054,
   1073212,
   1074927,
   1076331,
   1081145,
   1082182,
   1082217,
   1082220,
   1082227,
   1088883,
   1090117,
   1094744,
   1094762,
   1094897,
   1094911,
   1094918,
   1094926,
   1094926,
   1094928,
   1094936,
   1094967,
   1095180,
   1095186,
   1095233,
   1095251,
   1095251,
   1095282,
   1095323,
   1095408,
   1095432,
   1095472,
   1095586,
   1095676,
   1095795,
   1096062,
   1096113,
   1096169,
   1096283,
   1096285,
   1096295,
   1096320,
   1096422,
   1096462,
   1096486,
   1096601,
   1096784,
   1096801,
   1096846,
   1096876,
   1096887,
   1096896,
   1096910,
   1096931,
   1096957,
   1096966,
   1097063,
   1097111,
   1097178,
   1097195,
   1097201,
   1097209,
   1097211,
   1097265,
   1097326,
   1097328,
   1097331,
   1097382,
   1097388,
   1097400,
   1097450,
   1097468,
   1097508,
   1097580,
   1097586,
   1097591,
   1097598,
   1097606,
   1097618,
   1097736,
   1097776,
   1097827,
   1097840,
   1097864,
   1097899,
   1097950,
   1097985,
   1097989,
   1098115,
   1098121,
   1098125,
   1098137,
   1098138,
   1098140,
   1098168,
   1098208,
   1098217,
   1098217,
   1098223,
   1098227,
   1098236,
   1098253,
   1098263,
   1098433,
   1098493,
   1098632,
   1098662,
   1098687,
   1098708,
   1098710,
   1098771,
   1098815,
   1098832,
   1098847,
   1098960,
   1098961,
   1098971,
   1098986,
   1099082,
   1099087,
   1099093,
   1099160,
   1099181,
   1099222,
   1099243,
   1099269,
   1099273,
   1099302,
   1099557,
   1099643,
   1099674,
   1099703,
   1099824,
   1099899,
   1126518,
   1131592,
   1132781,
   1133698,
   1136151,
   1136802,
   1136815,
   1136941,
   1136942,
   1137000,
   1137551,
   1137593,
   1137597,
   1137659,
   1137977,
   1138561,
   1138641,
   1140934,
   1141423,
   1143813,
   1143854,
   1143869,
   1152224,
   1152227,
   1152617,
   1152816,
   1152838,
   1153004,
   1153370,
   1153441,
   1164931,
   1165388,
   1165511,
   1166926,
   1166928,
   1167208,
   1167554,
   1167555,
   1167602,
   1169173,
   1169382,
   1169885,
   1169887,
   1170145,
   1170148,
   1170542,
   1170971,
   1171014,
   1175038,
   1178449,
   1178660,
   1178761,
   1178761,
   1179191,
   1184971,
   1185498,
   1185571,
   1187386,
   1187408,
   1192142,
   1193565,
   1193585,
   1193642,
   1193648,
   1193672,
   1193738,
   1193813,
   1193898,
   1193932,
   1193992,
   1194085,
   1194114,
   1194143,
   1194176,
   1194195,
   1194196,
   1194284,
   1194412,
   1194414,
   1194420,
   1194420,
   1194420,
   1194420,
   1194431,
   1194527,
   1194546,
   1194547,
   1194560,
   1194566,
   1194619,
   1195241,
   1204055,
   1209491,
   1243566,
   1255836,
   1256741,
   1257139,
   1257476,
   1257848,
   1257914,
   1257973,
   1258000,
   1258066,
   1258078,
   1258093,
   1258096,
   1258128,
   1258135,
   1258222,
   1258271,
   1258320,
   1258403,
   1258419,
   1258620,
   1258685,
   1258692,
   1258701,
   1258703,
   1258908,
   1258942,
   1259545,
   1261794,
   1265194,
   1270209,
   1274691,
   1274836,
   1276597,
   1276618,
   1276632,
   1278229,
   1278235,
   1279066,
   1279071,
   1279355,
   1279876,
   1279894,
   1280474,
   1280587,
   1280588,
   1287291,
   1287305,
   1292557,
   1292558,
   1293004,
   1293469,
   1293576,
   1293629,
   1293630,
   1293982,
   1294041,
   1294192,
   1294778,
   1294863,
   1295981,
   1296074,
   1296933,
   1310241,
   1322486,
   1324153,
   1324340,
   1326114,
   1326363,
   1327246,
   1328316,
   1328779,
   1328809,
   1329284,
   1329310,
   1329381,
   1329382,
   1329383,
   1330794,
   1332203,
   1334147,
   1334472,
   1334635,
   1335836,
   1335930,
   1336030,
   1336149,
   1364491,
   1364543,
   1364629,
   1364655,
   1364658,
   1364713,
   1364748,
   1364810,
   1364861,
   1364868,
   1364901,
   1364902,
   1365013,
   1365122,
   1365125,
   1365126,
   1365217,
   1365318,
   1365357,
   1365378,
   1365406,
   1365421,
   1365441,
   1365538,
   1365544,
   1365546,
   1365553,
   1365561,
   1365589,
   1365602,
   1365621,
   1365629,
   1365646,
   1365659,
   1365671,
   1365675,
   1365710,
   1365724,
   1365749,
   1365752,
   1365793,
   1365818,
   1365832,
   1365834,
   1365853,
   1365855,
   1365866,
   1365873,
   1365902,
   1365906,
   1365935,
   1365936,
   1365954,
   1366030,
   1366058,
   1366077,
   1366078,
   1366153,
   1366156,
   1366169,
   1366245,
   1366250,
   1366270,
   1366302,
   1366318,
   1366327,
   1366352,
   1366414,
   1366424,
   1366467,
   1366560,
   1369638,
   1369942,
   1370089,
   1370101,
   1370104,
   1370117,
   1370120,
   1370120,
   1370122,
   1370139,
   1371342,
   1371817,
   1373469,
   1373572,
   1373573,
   1373574,
   1373575,
   1373576,
   1373577,
   1373578,
   1373579,
   1373580,
   1373581,
   1373582,
   1373583,
   1373584,
   1373585,
   1373586,
   1373587,
   1373588,
   1373589,
   1373590,
   1373591,
   1410761,
   1413834,
   1414619,
   1418163,
   1430122,
   1432266,
   1432285,
   1432296,
   1432306,
   1432309,
   1432320,
   1432328,
   1432331,
   1432373,
   1442082,
   1446365,
   1446464,
   1450245,
   1454725,
   1459654,
   1463722,
   1465581,
   1465597,
   1465598,
   1465608,
   1465617,
   1465624,
   1465648,
   1465672,
   1465678,
   1465685,
   1465700,
   1465710,
   1465755,
   1465769,
   1465774,
   1465805,
   1465813,
   1465815,
   1465820,
   1465843,
   1465869,
   1465880,
   1465880,
   1465890,
   1465944,
   1465962,
   1465976,
   1466014,
   1466021,
   1466029,
   1466034,
   1466039,
   1466055,
   1466059,
   1466068,
   1466074,
   1466076,
   1466093,
   1466093,
   1466122,
   1466147,
   1466152,
   1466159,
   1466160,
   1466160,
   1466164,
   1466164,
   1466165,
   1466220,
   1466238,
   1466285,
   1466286,
   1466292,
   1466293,
   1466298,
   1466323,
   1466325,
   1466338,
   1466375,
   1466390,
   1466398,
   1466404,
   1466445,
   1466457,
   1466467,
   1466518,
   1466548,
   1466563,
   1466602,
   1466602,
   1466625,
   1466629,
   1466646,
   1466655,
   1466670,
   1466852,
   1466886,
   1466916,
   1466942,
   1466972,
   1466972,
   1466974,
   1467024,
   1467039,
   1467167,
   1467181,
   1468886,
   1468888,
   1469372,
   1471420,
   1474683,
   1474684,
   1474685,
   1474686,
   1477262,
   1479439,
   1479670,
   1481118,
   1485726,
   1485727,
   1487076,
   1489963,
   1491786,
   1494891,
   1495135,
   1498668,
   1499787,
   1502003,
   1506991,
   1513665,
   1513666,
   1513667,
   1516153,
   1516251,
   1516344,
   1516356,
   1516430,
   1516438,
   1516453,
   1516464,
   1516566,
   1516574,
   1516647,
   1516671,
   1516674,
   1516674,
   1516692,
   1516706,
   1516753,
   1516762,
   1516798,
   1516801,
   1516852,
   1516861,
   1516870,
   1516938,
   1516945,
   1516946,
   1516948,
   1516950,
   1516981,
   1517000,
   1517033,
   1517036,
   1517037,
   1517044,
   1517048,
   1517083,
   1517085,
   1517125,
   1517128,
   1517140,
   1517188,
   1517225,
   1517297,
   1517343,
   1517394,
   1517415,
   1517455,
   1517489,
   1517494,
   1517503,
   1517510,
   1517519,
   1517527,
   1517529,
   1517533,
   1517551,
   1517576,
   1517590,
   1517593,
   1517595,
   1517600,
   1517608,
   1517609,
   1517623,
   1517628,
   1517634,
   1517647,
   1517686,
   1517733,
   1517739,
   1517747,
   1517752,
   1517797,
   1517799,
   1517847,
   1517856,
   1517866,
   1517872,
   1517874,
   1517901,
   1517909,
   1517920,
   1518007,
   1518023,
   1518023,
   1518035,
   1518039,
   1518040,
   1518096,
   1518105,
   1518107,
   1518119,
   1518217,
   1518231,
   1518240,
   1518287,
   1518289,
   1518293,
   1518328,
   1518344,
   1518374,
   1518421,
   1518470,
   1518474,
   1518485,
   1518495,
   1518537,
   1518631,
   1518669,
   1518693,
   1518694,
   1518697,
   1518701,
   1518737,
   1518757,
   1518759,
   1518778,
   1518817,
   1518872,
   1518875,
   1518882,
   1518924,
   1518973,
   1519028,
   1519076,
   1519099,
   1519124,
   1519145,
   1519484,
   1521124,
   1521140,
   1521205,
   1521276,
   1521292,
   1521379,
   1521379,
   1521407,
   1521417,
   1521440,
   1521499,
   1521709,
   1521828,
   1521835,
   1521853,
   1521878,
   1521961,
   1522086,
   1522110,
   1522111,
   1522134,
   1522180,
   1522241,
   1522273,
   1522329,
   1522334,
   1522340,
   1522359,
   1522421,
   1522448,
   1522448,
   1522535,
   1522566,
   1522631,
   1522636,
   1522656,
   1522680,
   1522706,
   1522723,
   1522769,
   1522897,
   1522928,
   1522955,
   1522956,
   1522958,
   1522960,
   1522962,
   1522965,
   1522966,
   1522970,
   1522978,
   1522999,
   1523001,
   1523003,
   1523073,
   1523075,
   1523079,
   1523084,
   1523122,
   1523151,
   1523280,
   1523291,
   1523295,
   1523301,
   1523321,
   1523347,
   1523470,
   1523570,
   1523656,
   1523662,
   1523689,
   1523693,
   1523707,
   1523742,
   1523778,
   1523792,
   1523806,
   1523844,
   1523884,
   1523886,
   1523888,
   1523904,
   1523913,
   1523926,
   1523933,
   1524014,
   1524089,
   1524131,
   1524155,
   1524167,
   1524296,
   1524314,
   1524326,
   1524404,
   1524579,
   1524695,
   1524704,
   1524757,
   1524768,
   1524790,
   1524851,
   1524959,
   1524960,
   1525501,
   1525552,
   1525637,
   1525648,
   1525649,
   1525739,
   1525786,
   1525838,
   1525864,
   1525887,
   1525888,
   1525922,
   1529913,
   1530491,
   1531827,
   1533811,
   1534621,
   1534860,
   1535199,
   1543018,
   1544373,
   1547333,
   1562288,
   1564523,
   1565014,
   1565016,
   1565074,
   1565085,
   1565118,
   1565128,
   1565172,
   1565194,
   1565223,
   1565258,
   1565277,
   1565284,
   1565287,
   1565321,
   1565329,
   1565468,
   1565510,
   1565524,
   1565540,
   1565544,
   1565545,
   1565551,
   1565635,
   1565652,
   1565664,
   1565753,
   1565814,
   1565849,
   1565917,
   1565928,
   1566163,
   1570982,
   1571614,
   1574770,
   1574785,
   1576636,
   1578627,
   1578749,
   1578751,
   1578859,
   1579046,
   1579798,
   1579802,
   1579845,
   1579886,
   1579907,
   1579927,
   1580019,
   1580207,
   1580229,
   1580235,
   1580258,
   1580269,
   1580386,
   1580529,
   1580532,
   1580543,
   1580574,
   1580577,
   1580579,
   1580584,
   1580746,
   1580788,
   1580828,
   1580834,
   1580974,
   1581000,
   1581046,
   1581225,
   1581309,
   1581327,
   1581331,
   1581366,
   1581447,
   1582662,
   1583124,
   1583136,
   1583144,
   1583151,
   1583169,
   1583192,
   1583425,
   1584175,
   1584188,
   1585602,
   1586704,
   1586705,
   1593704,
   1593838,
   1593838,
   1595567,
   1607839,
   1613063,
   1613064,
   1613065,
   1613066,
   1613069,
   1613070,
   1614062,
   1615120,
   1616320,
   1620510,
   1629235,
   1629257,
   1629258,
   1629281,
   1629292,
   1629303,
   1629334,
   1629340,
   1629418,
   1629469,
   1629470,
   1629501,
   1629506,
   1629513,
   1629624,
   1629645,
   1629649,
   1629665,
   1629714,
   1629724,
   1629739,
   1629739,
   1629741,
   1629794,
   1629857,
   1629879,
   1629894,
   1630516,
   1630646,
   1630698,
   1630808,
   1630819,
   1632380,
   1634973,
   1635243,
   1635408,
   1635889,
   1638258,
   1650268,
   1650288,
   1659526,
   1661351,
   1662234,
   1669954,
   1671729,
   1674982,
   1685508,
   1687907,
   1689129,
   1690886,
   1720563,
   1720870,
   1724023,
   1732012,
   1732016,
   1732017,
   1732018,
   1732285,
   1735074,
   1735460,
   1735856,
   1737233,
   1737258,
   1738051,
   1738059,
   1740669,
   1740957,
   1740957,
   1741095,
   1741255,
   1741335,
   1741806,
   1742931,
   1743947,
   1746973,
   1748473,
   1755551,
   1773529,
   1773661,
   1775534,
   1776896,
   1777975,
   1778896,
   1785930,
   1789022,
   1789433,
   1790926,
   1799196,
   1801812,
   1801984,
   1803698,
   1806322,
   1806335,
   1807578,
   1811997,
   1831551,
   1831571,
   1834715,
   1835035,
   1835144,
   1835345,
   1835393,
   1835529,
   1835553,
   1836414,
   1836700,
   1836870,
   1836931,
   1837201,
   1837455,
   1837886,
   1837900,
   1837953,
   1838001,
   1838135,
   1838286,
   1842381,
   1843005,
   1844079,
   1845464,
   1846851,
   1857554,
   1863826,
   1865379,
   1865856,
   1865895,
   1865895,
   1866281,
   1866544,
   1866779,
   1866998,
   1872672,
   1874471,
   1876614,
   1876660,
   1876664,
   1877216,
   1877623,
   1887983,
   1888276,
   1892422,
   1892801,
   1893803,
   1896505,
   1921557,
   1927231,
   1927244,
   1927258,
   1928756,
   1928757,
   1928758,
   1928759,
   1928760,
   1928761,
   1928900,
   1928949,
   1928950,
   1928952,
   1929098,
   1929418,
   1936052,
   1937304,
   1937324,
   1937330,
   1937353,
   1937356,
   1940000,
   1940825,
   1942131,
   1943831,
   1951303,
   1951304,
   1951305,
   1951307,
   1955322,
   1955706,
   1955730,
   1956252,
   1956773,
   1957146,
   1957355,
   1957438,
   1957461,
   1957464,
   1957471,
   1957828,
   1957877,
   1957921,
   1958075,
   1958163,
   1958163,
   1959283,
   1967145,
   1982308,
   1982321,
   1982331,
   1982346,
   1982372,
   1982414,
   1982499,
   1982523,
   1982655,
   1982709,
   1982884,
   1982894,
   1982931,
   1983035,
   1983078,
   1983097,
   1983130,
   1983237,
   1983251,
   1983333,
   1983353,
   1983430,
   1983489,
   1983583,
   1983587,
   1983640,
   1983642,
   1983658,
   1983664,
   1983670,
   1983678,
   1983724,
   1983742,
   1983829,
   1983897,
   1984058,
   1984084,
   1985013,
   1986253,
   1999089,
   2004928,
   2006076,
   2006400,
   2007988,
   2009488,
   2009492,
   2009500,
   2009513,
   2011610,
   2011782,
   2027014,
   2027024,
   2027026,
   2027033,
   2027047,
   2027185,
   2027220,
   2027227,
   2027241,
   2027285,
   2027316,
   2027329,
   2027338,
   2027396,
   2027415,
   2027422,
   2027430,
   2027501,
   2027533,
   2027539,
   2027577,
   2027577,
   2027611,
   2027665,
   2027726,
   2027759,
   2029461,
   2029461,
   2030299,
   2032008,
   2032009,
   2032884,
   2041129,
   2047953,
   2048106,
   2051437,
   2053117,
   2053337,
   2054790,
   2057972,
   2059196,
   2059352,
   2060379,
   2061591,
   2071970,
   2073522,
   2095614,
   2095822,
   2095841,
   2096170,
   2096206,
   2098732,
   2098905,
   2099192,
   2102799,
   2104245,
   2104341,
   2104345,
   2104423,
   2104439,
   2104610,
   2104651,
   2106201,
   2106223,
   2113818,
   2115762,
   2115801,
   2117699,
   2119411,
   2119424,
   2119796,
   2123683,
   2124007,
   2124008,
   2124009,
   2127141,
   2128266,
   2129084,
   2129840,
   2130774,
   2132816,
   2134717,
   2143588,
   2143668,
   2148917,
   2149325,
   2149592,
   2150617,
   2151018,
   2151779,
   2152303,
   2152328,
   2152338,
   2154028,
   2159193,
   2159294,
   2164192,
   2164231,
   2164382,
   2164485,
   2164495,
   2164501,
   2164511,
   2164562,
   2164602,
   2164717,
   2164718,
   2164749,
   2164784,
   2164792,
   2164804,
   2164821,
   2164840,
   2164863,
   2164911,
   2164942,
   2164968,
   2164969,
   2164992,
   2165013,
   2165017,
   2165031,
   2165064,
   2165082,
   2165104,
   2165122,
   2165143,
   2165152,
   2165201,
   2165229,
   2165235,
   2165266,
   2165285,
   2165301,
   2165332,
   2165365,
   2165402,
   2165408,
   2165465,
   2165495,
   2165562,
   2165576,
   2165651,
   2165689,
   2165705,
   2165713,
   2165758,
   2165766,
   2165776,
   2165820,
   2165840,
   2165844,
   2165855,
   2165898,
   2165918,
   2165933,
   2166092,
   2166093,
   2166166,
   2166193,
   2166230,
   2166233,
   2166247,
   2166315,
   2166334,
   2166368,
   2166383,
   2166405,
   2166409,
   2166419,
   2166444,
   2166446,
   2166449,
   2166450,
   2166452,
   2166453,
   2166454,
   2166458,
   2166459,
   2166477,
   2166480,
   2166484,
   2166485,
   2166512,
   2166526,
   2166541,
   2166547,
   2166557,
   2166558,
   2166559,
   2166562,
   2166563,
   2166564,
   2166576,
   2166617,
   2166638,
   2166643,
   2166675,
   2166699,
   2166817,
   2166820,
   2166831,
   2166846,
   2166910,
   2166912,
   2166918,
   2166932,
   2166940,
   2166950,
   2166979,
   2167004,
   2167015,
   2167052,
   2167130,
   2167135,
   2167283,
   2167289,
   2167314,
   2167344,
   2167399,
   2167403,
   2167459,
   2167909,
   2167938,
   2167939,
   2168024,
   2168105,
   2168144,
   2168465,
   2168473,
   2168649,
   2168851,
   2168857,
   2168947,
   2168949,
   2169129,
   2169161,
   2169198,
   2169199,
   2169213,
   2169314,
   2169454,
   2169455,
   2169664,
   2169738,
   2170069,
   2170166,
   2170172,
   2170194,
   2170500,
   2171183,
   2171244,
   2171245,
   2171291,
   2171328,
   2171330,
   2171373,
   2171384,
   2171410,
   2171436,
   2171483,
   2171488,
   2171591,
   2171666,
   2171734,
   2171743,
   2171749,
   2171752,
   2171755,
   2171759,
   2171761,
   2171764,
   2171768,
   2171770,
   2171771,
   2172016,
   2172157,
   2172172,
   2172173,
   2172175,
   2172176,
   2172177,
   2172178,
   2172179,
   2172185,
   2172186,
   2172189,
   2172200,
   2172202,
   2172203,
   2172208,
   2172221,
   2172227,
   2172234,
   2172238,
   2172240,
   2172242,
   2172243,
   2172247,
   2172251,
   2172253,
   2172254,
   2172259,
   2172263,
   2172264,
   2172267,
   2172268,
   2172269,
   2172271,
   2172279,
   2172281,
   2172282,
   2172283,
   2172287,
   2172289,
   2172341,
   2172362,
   2172365,
   2172432,
   2172434,
   2172482,
   2172526,
   2172559,
   2172627,
   2172629,
   2172655,
   2172661,
   2172662,
   2172663,
   2172665,
   2172668,
   2172673,
   2172674,
   2172677,
   2172680,
   2172682,
   2172683,
   2172686,
   2172689,
   2172690,
   2172691,
   2172772,
   2172774,
   2173500,
   2173554,
   2173807,
   2173813,
   2173821,
   2173868,
   2173890,
   2173920,
   2174163,
   2174315,
   2177069,
   2182310,
   2183670,
   2186425,
   2187360,
   2188450,
   2190138,
   2192649,
   2204127,
   2204747,
   2207544,
   2210578,
   2212045,
   2214154,
   2215504,
   2217075,
   2224256,
   2229142,
   2235066,
   2235104,
   2235156,
   2235192,
   2235197,
   2235202,
   2235267,
   2235313,
   2235314,
   2235321,
   2235341,
   2235359,
   2235391,
   2235393,
   2235450,
   2235465,
   2235475,
   2235476,
   2236713,
   2236870,
   2237047,
   2237132,
   2237482,
   2238339,
   2245054,
   2246867,
   2248147,
   2249831,
   2259375,
   2259378,
   2259510,
   2272009,
   2281921,
   2282033,
   2282082,
   2282100,
   2282149,
   2282267,
   2282275,
   2282307,
   2282418,
   2282641,
   2282692,
   2282705,
   2283753,
   2285489,
   2298615,
   2299147,
   2299149,
   2299846,
   2299848,
   2299849,
   2303037,
   2303402,
   2318668,
   2322420,
   2329711,
   2341144,
   2342716,
   2342825,
   2343015,
   2343037,
   2343053,
   2343071,
   2343092,
   2343107,
   2343118,
   2343127,
   2343143,
   2343159,
   2343162,
   2343167,
   2343168,
   2343174,
   2343174,
   2343184,
   2343211,
   2343258,
   2343260,
   2343264,
   2343338,
   2343350,
   2343360,
   2343378,
   2343389,
   2343399,
   2343436,
   2343572,
   2343667,
   2344197,
   2344354,
   2344396,
   2344428,
   2344430,
   2344721,
   2344782,
   2344804,
   2344817,
   2345046,
   2345240,
   2345317,
   2345318,
   2345319,
   2345333,
   2345345,
   2345383,
   2345387,
   2345407,
   2345417,
   2345428,
   2345439,
   2345459,
   2345463,
   2345465,
   2345478,
   2345480,
   2345549,
   2345633,
   2345636,
   2345682,
   2345696,
   2345709,
   2345714,
   2345759,
   2345808,
   2346192,
   2346316,
   2346366,
   2346444,
   2346550,
   2346606,
   2346625,
   2346639,
   2346989,
   2347012,
   2347150,
   2347163,
   2347217,
   2347240,
   2347241,
   2347242,
   2347245,
   2347248,
   2347342,
   2347419,
   2347444,
   2347445,
   2347447,
   2347449,
   2347450,
   2347451,
   2347457,
   2347462,
   2347475,
   2347491,
   2347519,
   2347585,
   2347617,
   2347620,
   2347640,
   2347768,
   2347805,
   2347886,
   2348169,
   2348186,
   2348266,
   2348334,
   2348439,
   2348491,
   2348708,
   2348787,
   2348810,
   2348812,
   2348932,
   2348944,
   2348951,
   2348996,
   2348997,
   2348998,
   2349000,
   2349095,
   2349122,
   2349124,
   2349231,
   2349369,
   2349397,
   2349411,
   2349412,
   2349414,
   2349431,
   2349462,
   2349484,
   2349519,
   2349547,
   2349682,
   2349813,
   2349903,
   2349973,
   2349985,
   2349993,
   2350014,
   2350015,
   2350026,
   2350063,
   2350067,
   2350068,
   2350070,
   2350071,
   2350072,
   2350077,
   2350078,
   2350079,
   2350138,
   2350191,
   2350331,
   2350388,
   2350467,
   2350469,
   2350658,
   2350753,
   2350806,
   2350929,
   2350949,
   2351033,
   2351040,
   2351040,
   2351041,
   2351073,
   2351074,
   2351100,
   2351166,
   2351197,
   2351253,
   2351254,
   2351255,
   2351295,
   2351302,
   2351303,
   2351335,
   2351386,
   2351483,
   2351823,
   2358823,
   2360539,
   2361095,
   2361121,
   2361128,
   2361128,
   2367603,
   2367644,
   2373130,
   2380331,
   2380930,
   2383762,
   2383952,
   2384052,
   2384686,
   2385147,
   2385858,
   2390927,
   2393485,
   2405258,
   2406589,
   2422849,
   2422849,
   2422849,
   2422849,
   2425494,
   2425768,
   2431322,
   2431323,
   2431496,
   2431531,
   2431590,
   2431646,
   2431661,
   2432296,
   2433234,
   2433661,
   2434022,
   2434049,
   2434053,
   2434208,
   2434324,
   2434455,
   2436738,
   2436741,
   2436745,
   2436872,
   2436874,
   2442233,
   2442239,
   2443130,
   2443131,
   2446086,
   2446087,
   2446988,
   2446989,
   2454645,
   2454895,
   2455598,
   2455602,
   2458078,
   2462466,
   2462708,
   2462994,
   2463012,
   2463039,
   2463051,
   2463065,
   2463128,
   2463150,
   2463155,
   2463157,
   2463176,
   2463183,
   2463186,
   2463190,
   2463236,
   2463247,
   2463273,
   2463430,
   2464164,
   2485735,
   2488442,
   2488484,
   2490467,
   2490563,
   2490598,
   2490612,
   2490626,
   2490657,
   2490696,
   2490697,
   2490705,
   2490715,
   2492047,
   2492144,
   2492188,
   2492202,
   2492217,
   2492344,
   2492374,
   2492382,
   2492421,
   2492431,
   2492469,
   2492472,
   2492472,
   2492481,
   2492484,
   2492486,
   2492506,
   2492513,
   2492516,
   2492556,
   2492558,
   2492590,
   2492593,
   2492612,
   2492632,
   2492682,
   2492747,
   2492754,
   2492767,
   2492822,
   2492862,
   2492875,
   2492905,
   2492923,
   2492927,
   2493142,
   2493150,
   2493177,
   2493190,
   2493223,
   2493227,
   2493232,
   2493251,
   2493283,
   2493300,
   2493324,
   2493360,
   2493360,
   2493371,
   2493419,
   2493421,
   2493424,
   2493430,
   2493454,
   2493461,
   2493477,
   2493499,
   2493518,
   2493533,
   2493542,
   2493556,
   2493581,
   2493587,
   2493592,
   2493622,
   2493631,
   2493636,
   2493659,
   2493670,
   2493695,
   2493711,
   2493724,
   2493732,
   2493743,
   2493762,
   2493763,
   2493778,
   2493818,
   2494141,
   2494184,
   2494226,
   2494297,
   2494502,
   2494503,
   2494595,
   2494649,
   2494760,
   2494787,
   2494850,
   2494978,
   2495023,
   2495084,
   2495179,
   2495227,
   2495228,
   2495229,
   2495259,
   2495422,
   2495518,
   2495578,
   2495580,
   2495599,
   2495636,
   2495761,
   2495764,
   2495772,
   2495776,
   2495808,
   2495854,
   2495893,
   2495895,
   2495899,
   2495949,
   2496009,
   2496086,
   2496101,
   2496139,
   2496183,
   2496199,
   2496208,
   2496248,
   2496355,
   2496459,
   2496462,
   2496605,
   2496634,
   2496643,
   2496683,
   2496763,
   2496810,
   2496845,
   2496916,
   2496976,
   2496979,
   2497034,
   2497061,
   2497069,
   2497317,
   2497377,
   2497382,
   2497382,
   2497383,
   2497390,
   2497515,
   2497529,
   2497566,
   2497642,
   2497655,
   2497660,
   2497666,
   2497688,
   2497688,
   2497690,
   2497703,
   2497729,
   2497778,
   2497811,
   2497832,
   2497842,
   2497871,
   2497944,
   2498039,
   2498050,
   2498083,
   2498149,
   2498155,
   2498160,
   2498164,
   2498188,
   2498244,
   2498244,
   2498278,
   2498292,
   2498300,
   2498311,
   2498322,
   2498324,
   2498325,
   2498337,
   2498361,
   2498398,
   2498406,
   2498421,
   2498442,
   2498464,
   2498485,
   2498538,
   2498556,
   2498619,
   2498646,
   2498651,
   2498719,
   2498719,
   2498770,
   2498771,
   2498774,
   2498801,
   2498815,
   2498875,
   2498900,
   2498944,
   2498992,
   2499012,
   2499032,
   2499046,
   2499076,
   2499126,
   2499173,
   2499174,
   2499189,
   2499190,
   2499199,
   2499306,
   2499307,
   2499587,
   2499861,
   2499888,
   2500260,
   2500326,
   2500556,
   2501128,
   2501139,
   2501148,
   2501149,
   2501150,
   2501202,
   2501374,
   2501382,
   2501388,
   2501451,
   2501548,
   2501548,
   2501598,
   2501753,
   2501788,
   2501805,
   2501857,
   2502011,
   2502095,
   2502109,
   2502153,
   2502193,
   2502204,
   2502223,
   2502308,
   2502319,
   2502354,
   2502359,
   2502396,
   2502400,
   2502418,
   2502440,
   2502501,
   2502530,
   2502541,
   2502585,
   2502599,
   2502635,
   2502659,
   2502676,
   2502722,
   2502766,
   2502842,
   2502878,
   2502898,
   2503033,
   2503286,
   2503290,
   2503355,
   2503358,
   2503423,
   2503440,
   2503541,
   2503544,
   2503568,
   2503667,
   2503795,
   2503957,
   2504147,
   2504219,
   2504254,
   2504374,
   2504417,
   2504503,
   2504545,
   2504594,
   2504653,
   2504832,
   2504970,
   2505001,
   2505043,
   2505083,
   2505093,
   2505318,
   2505336,
   2505383,
   2505422,
   2505442,
   2505469,
   2505482,
   2505486,
   2505508,
   2505511,
   2505545,
   2505545,
   2505561,
   2505588,
   2505615,
   2505632,
   2505648,
   2505648,
   2505668,
   2505669,
   2505671,
   2505679,
   2505702,
   2505712,
   2505732,
   2505739,
   2505762,
   2505763,
   2505776,
   2505802,
   2505892,
   2505950,
   2505952,
   2505953,
   2505973,
   2506033,
   2506062,
   2506066,
   2506070,
   2506084,
   2506244,
   2506300,
   2506310,
   2506664,
   2506665,
   2506670,
   2506670,
   2506835,
   2509793,
   2515970,
   2517988,
   2517989,
   2519664,
   2529646,
   2529986,
   2530262,
   2530263,
   2530546,
   2530738,
   2530783,
   2531628,
   2531996,
   2533149,
   2533874,
   2533928,
   2538925,
   2539771,
   2540039,
   2540586,
   2541460,
   2541466,
   2542969,
   2543188,
   2543291,
   2543601,
   2554260,
   2554280,
   2554323,
   2554336,
   2554371,
   2554511,
   2554512,
   2554513,
   2554926,
   2557156,
   2557277,
   2558182,
   2560540,
   2561234,
   2562427,
   2563501,
   2567600,
   2573684,
   2574935,
   2574943,
   2575437,
   2575468,
   2576803,
   2576804,
   2576804,
   2577296,
   2578456,
   2582296,
   2583586,
   2583753,
   2585590,
   2586079,
   2589847,
   2591301,
   2591316,
   2591317,
   2591336,
   2591419,
   2591436,
   2591494,
   2591545,
   2591584,
   2591658,
   2592237,
   2594803,
   2598723,
   2603898,
   2611081,
   2613438,
   2616024,
   2616027,
   2619253,
   2619709,
   2619721,
   2619722,
   2627216,
   2628914,
   2636093,
   2645809,
   2649325,
   2651718,
   2651720,
   2651721,
   2651722,
   2651723,
   2651724,
   2651725,
   2651726,
   2651727,
   2651728,
   2651729,
   2651734,
   2653649,
   2660364,
   2660427,
   2660490,
   2661222,
   2662737,
   2662822,
   2663214,
   2663287,
   2667152,
   2667266,
   2667279,
   2667334,
   2667338,
   2667339,
   2667369,
   2667370,
   2667447,
   2667485,
   2667495,
   2667510,
   2667580,
   2667689,
   2667877,
   2667939,
   2668111,
   2668161,
   2668163,
   2668180,
   2668213,
   2668306,
   2668375,
   2668414,
   2668425,
   2668426,
   2668531,
   2668635,
   2668646,
   2668787,
   2668807,
   2668881,
   2668887,
   2668899,
   2668917,
   2668923,
   2668967,
   2668985,
   2669008,
   2669027,
   2669120,
   2669158,
   2669166,
   2669247,
   2669266,
   2669352,
   2675750,
   2675750,
   2675751,
   2675751,
   2690405,
   2698720,
   2706162,
   2706220,
   2706246,
   2706259,
   2706416,
   2706512,
   2706560,
   2706703,
   2706815,
   2707006,
   2707093,
   2707113,
   2707229,
   2707333,
   2707483,
   2707558,
   2707632,
   2707749,
   2707768,
   2707827,
   2707920,
   2707927,
   2707937,
   2708170,
   2708171,
   2708172,
   2708210,
   2708406,
   2708407,
   2709279,
   2709318,
   2709412,
   2709467,
   2709471,
   2709503,
   2709812,
   2710090,
   2710091,
   2710094,
   2710099,
   2710103,
   2710107,
   2710108,
   2710109,
   2710111,
   2710112,
   2710117,
   2710125,
   2710127,
   2710134,
   2710141,
   2710571,
   2710660,
   2710744,
   2710865,
   2711245,
   2711569,
   2711571,
   2711572,
   2711610,
   2711761,
   2711846,
   2711867,
   2712040,
   2712044,
   2712064,
   2712198,
   2712273,
   2712275,
   2712393,
   2716172,
   2718460,
   2718911,
   2718916,
   2718917,
   2718925,
   2721313,
   2721332,
   2721907,
   2722708,
   2723428,
   2723472,
   2723540,
   2723652,
   2723876,
   2723890,
   2724181,
   2725962,
   2726225,
   2726269,
   2728290,
   2729375,
   2730050,
   2732179,
   2733552,
   2733553,
   2735798,
   2738477,
   2738768,
   2738773,
   2738855,
   2738873,
   2738874,
   2738905,
   2739063,
   2739195,
   2739256,
   2739278,
   2739300,
   2739373,
   2739374,
   2739497,
   2739517,
   2739517,
   2739518,
   2739561,
   2739561,
   2739580,
   2739693,
   2740015,
   2740167,
   2740217,
   2740294,
   2741962,
   2741963,
   2742090,
   2742104,
   2742313,
   2742342,
   2742432,
   2742506,
   2742673,
   2742921,
   2742929,
   2742974,
   2743002,
   2743030,
   2743040,
   2743066,
   2743070,
   2743083,
   2743089,
   2743131,
   2743159,
   2743166,
   2743182,
   2743298,
   2743299,
   2743529,
   2743552,
   2743587,
   2743763,
   2743957,
   2744245,
   2744259,
   2744345,
   2744363,
   2744750,
   2744760,
   2744899,
   2744908,
   2744911,
   2744927,
   2744939,
   2744946,
   2744983,
   2745127,
   2745128,
   2745245,
   2745327,
   2745337,
   2745358,
   2745424,
   2745425,
   2745487,
   2745496,
   2745672,
   2745846,
   2745985,
   2746065,
   2746105,
   2746146,
   2746146,
   2746184,
   2746324,
   2746343,
   2746378,
   2746483,
   2746495,
   2746501,
   2746581,
   2746638,
   2746671,
   2748969,
   2749112,
   2752095,
   2752589,
   2757007,
   2764787,
   2785499,
   2786908,
   2790282,
   2790285,
   2790288,
   2790324,
   2790330,
   2790396,
   2790416,
   2790453,
   2790463,
   2790522,
   2790524,
   2790531,
   2790538,
   2790596,
   2790644,
   2790649,
   2790656,
   2790726,
   2790749,
   2790761,
   2790805,
   2790808,
   2790812,
   2790813,
   2790854,
   2790858,
   2790970,
   2790991,
   2791056,
   2791078,
   2791141,
   2791143,
   2791205,
   2791209,
   2791227,
   2791239,
   2791272,
   2791282,
   2791305,
   2791306,
   2791466,
   2791501,
   2791507,
   2791521,
   2791578,
   2791618,
   2792870,
   2794957,
   2795055,
   2795681,
   2795835,
   2795942,
   2796209,
   2796210,
   2796378,
   2796389,
   2796610,
   2797514,
   2797520,
   2798082,
   2798689,
   2799060,
   2799060,
   2799071,
   2799680,
   2800001,
   2800002,
   2800043,
   2800089,
   2806494,
   2808291,
   2808292,
   2813379,
   2822895,
   2826674,
   2834763,
   2837884,
   2851978,
   2865498,
   2865499,
   2871382,
   2884847,
   2887470,
   2892496,
   2892497,
   2892499,
   2892503,
   2892539,
   2892598,
   2894564,
   2896797,
   2900919,
   2905872,
   2906130,
   2916719,
   2917752,
   2917761,
   2933687,
   2934120,
   2934428,
   2942074,
   2947203,
   2947206,
   2947435,
   2947976,
   2948465,
   2949118,
   2950117,
   2950218,
   2950219,
   2950220,
   2950268,
   2950292,
   2950294,
   2950334,
   2950506,
   2950602,
   2950603,
   2950629,
   2950630,
   2951882,
   2951883,
   2954166,
   2972435,
   2995399,
   3015180,
   3017369,
   3017437,
   3017931,
   3018003,
   3018003,
   3018037,
   3018045,
   3018046,
   3018049,
   3018050,
   3018091,
   3018100,
   3018106,
   3018113,
   3018128,
   3018147,
   3018241,
   3018263,
   3018266,
   3018295,
   3018378,
   3018451,
   3018455,
   3018504,
   3018602,
   3021259,
   3021260,
   3021488,
   3021523,
   3021526,
   3021530,
   3021531,
   3021605,
   3021703,
   3021771,
   3021865,
   3021869,
   3025127,
   3025803,
   3028665,
   3028667,
   3029456,
   3030172,
   3030180,
   3030239,
   3030590,
   3030629,
   3030738,
   3030872,
   3030879,
   3030933,
   3030989,
   3031000,
   3031216,
   3031419,
   3031453,
   3031491,
   3031499,
   3031756,
   3031758,
   3031778,
   3031783,
   3031818,
   3031829,
   3031957,
   3034657,
   3052835,
   3053401,
   3053402,
   3060589,
   3069579,
   3075481,
   3076033,
   3076136,
   3076140,
   3076142,
   3076208,
   3078849,
   3079226,
   3079227,
   3079237,
   3081027,
   3082551,
   3082553,
   3084675,
   3089647,
   3090814,
   3090874,
   3091487,
   3093551,
   3093666,
   3094539,
   3094560,
   3094562,
   3094885,
   3095281,
   3095282,
   3104965,
   3110432,
   3112981,
   3113116,
   3113150,
   3113219,
   3113322,
   3113337,
   3113343,
   3113423,
   3113664,
   3113686,
   3113733,
   3114328,
   3115340,
   3115354,
   3115532,
   3115884,
   3116157,
   3116157,
   3116206,
   3116211,
   3116616,
   3119897,
   3120067,
   3120545,
   3120704,
   3120827,
   3122742,
   3122772,
   3125405,
   3126107,
   3126152,
   3127056,
   3127081,
   3127147,
   3127159,
   3127167,
   3127173,
   3128745,
   3129025,
   3129557,
   3130113,
   3134207,
   3135575,
   3135582,
   3137041,
   3137234,
   3137768,
   3139453,
   3139456,
   3139810,
   3139846,
   3148753,
   3151563,
   3151723,
   3155430,
   3156925,
   3159443,
   3159487,
   3159488,
   3160082,
   3166000,
   3170179,
   3171298,
   3171311,
   3171705,
   3173942,
   3180686,
   3190508,
   3190643,
   3190961,
   3191088,
   3191235,
   3191329,
   3191343,
   3191365,
   3191458,
   3191516,
   3195072,
   3199616,
   3199850,
   3200006,
   3200006,
   3200057,
   3200060,
   3200102,
   3200197,
   3200197,
   3201251,
   3204571,
   3204571,
   3205914,
   3205926,
   3206819,
   3207534,
   3212389,
   3213640,
   3215828,
   3217993,
   3226210,
   3226211,
   3226249,
   3226501,
   3226647,
   3226827,
   3227077,
   3227234,
   3227477,
   3227485,
   3227581,
   3227597,
   3227642,
   3227697,
   3227724,
   3227767,
   3227770,
   3227777,
   3227778,
   3227848,
   3227879,
   3228032,
   3228045,
   3228071,
   3228074,
   3228221,
   3228326,
   3228345,
   3228419,
   3228466,
   3228468,
   3228487,
   3228493,
   3228501,
   3228526,
   3228693,
   3228698,
   3228723,
   3228766,
   3228839,
   3228874,
   3228897,
   3229110,
   3229112,
   3229113,
   3229142,
   3229177,
   3229240,
   3229263,
   3229326,
   3229334,
   3229361,
   3229655,
   3229816,
   3229893,
   3229935,
   3230189,
   3230336,
   3230411,
   3230514,
   3230575,
   3230659,
   3230660,
   3230678,
   3230772,
   3231001,
   3231189,
   3231290,
   3231330,
   3231360,
   3231429,
   3231450,
   3231480,
   3231575,
   3231588,
   3231614,
   3231679,
   3231780,
   3231803,
   3231881,
   3232127,
   3232148,
   3232603,
   3232636,
   3232641,
   3232750,
   3232778,
   3232910,
   3233027,
   3233072,
   3233227,
   3240092,
   3243509,
   3243550,
   3243590,
   3243671,
   3243779,
   3243819,
   3243853,
   3243871,
   3244099,
   3244349,
   3244431,
   3244465,
   3249112,
   3259688,
   3263187,
   3285260,
   3285683,
   3305410,
   3305748,
   3307494,
   3307539,
   3312008,
   3315382,
   3319284,
   3323345,
   3329392,
   3330784,
   3330784,
   3330786,
   3330787,
   3330931,
   3330992,
   3331031,
   3331057,
   3331098,
   3331107,
   3331124,
   3331158,
   3331196,
   3331261,
   3331304,
   3331347,
   3331349,
   3331399,
   3331405,
   3331428,
   3331432,
   3331442,
   3331444,
   3331452,
   3331466,
   3331472,
   3331477,
   3331521,
   3331577,
   3331583,
   3331597,
   3331616,
   3331634,
   3331634,
   3331636,
   3331644,
   3331659,
   3331661,
   3331751,
   3331756,
   3331803,
   3331871,
   3331882,
   3331914,
   3331927,
   3331954,
   3331964,
   3331966,
   3332027,
   3332042,
   3332049,
   3332077,
   3332092,
   3332122,
   3332216,
   3332239,
   3332283,
   3332307,
   3332309,
   3332326,
   3332327,
   3332375,
   3332437,
   3332443,
   3332447,
   3332447,
   3332457,
   3332478,
   3332490,
   3332498,
   3332519,
   3332523,
   3332523,
   3332558,
   3332602,
   3332625,
   3332644,
   3332678,
   3332683,
   3332692,
   3332712,
   3332736,
   3332736,
   3332754,
   3332816,
   3332833,
   3332837,
   3332847,
   3332908,
   3332980,
   3333077,
   3333124,
   3333127,
   3333131,
   3333131,
   3333154,
   3333158,
   3333186,
   3333202,
   3333211,
   3333228,
   3333240,
   3333251,
   3333268,
   3333271,
   3333278,
   3333283,
   3333314,
   3333352,
   3333427,
   3333428,
   3333432,
   3333438,
   3333470,
   3333500,
   3333510,
   3333519,
   3333555,
   3333568,
   3333599,
   3333605,
   3333607,
   3333636,
   3333638,
   3333659,
   3333663,
   3333666,
   3333668,
   3333674,
   3333693,
   3333701,
   3333762,
   3333772,
   3333787,
   3333835,
   3333878,
   3334344,
   3334372,
   3334384,
   3334414,
   3334425,
   3334426,
   3334443,
   3334473,
   3334518,
   3334522,
   3334526,
   3334544,
   3334546,
   3334553,
   3334554,
   3334562,
   3334602,
   3334604,
   3334619,
   3334640,
   3334667,
   3334667,
   3334851,
   3334876,
   3335584,
   3335628,
   3335655,
   3335789,
   3335854,
   3336671,
   3339462,
   3346532,
   3349169,
   3351497,
   3351518,
   3351533,
   3351651,
   3351676,
   3351686,
   3351718,
   3351719,
   3351793,
   3351831,
   3351850,
   3351972,
   3351973,
   3351982,
   3351991,
   3352010,
   3352025,
   3352076,
   3352104,
   3352155,
   3352254,
   3352340,
   3352370,
   3352459,
   3352481,
   3352489,
   3352531,
   3352537,
   3352540,
   3352545,
   3352547,
   3352622,
   3352625,
   3352638,
   3352779,
   3352784,
   3352862,
   3352872,
   3352876,
   3352881,
   3352893,
   3352899,
   3352900,
   3352910,
   3353030,
   3353048,
   3353051,
   3353052,
   3353058,
   3353087,
   3353091,
   3353096,
   3353103,
   3353120,
   3353126,
   3353188,
   3353231,
   3353264,
   3353450,
   3353454,
   3353459,
   3353505,
   3353505,
   3353638,
   3353731,
   3353794,
   3353879,
   3353890,
   3353892,
   3354298,
   3356518,
   3357920,
   3369417,
   3369523,
   3369528,
   3369543,
   3369575,
   3369695,
   3369774,
   3369790,
   3369795,
   3369801,
   3369806,
   3369879,
   3369882,
   3369882,
   3369899,
   3369986,
   3369987,
   3370059,
   3370087,
   3370155,
   3370219,
   3370264,
   3370270,
   3392075,
   3393078,
   3393150,
   3393164,
   3393263,
   3393340,
   3393478,
   3393790,
   3394516,
   3394669,
   3394669,
   3394794,
   3394801,
   3394813,
   3394965,
   3395015,
   3395058,
   3395349,
   3395390,
   3395649,
   3395751,
   3395855,
   3395987,
   3396235,
   3396422,
   3396475,
   3396813,
   3396826,
   3396935,
   3397061,
   3400251,
   3400829,
   3400830,
   3400866,
   3401688,
   3401783,
   3401816,
   3402376,
   3404118,
   3406230,
   3407117,
   3408951,
   3410076,
   3412486,
   3413856,
   3413880,
   3413881,
   3413901,
   3413913,
   3413947,
   3413961,
   3414026,
   3414027,
   3414047,
   3427918,
   3435138,
   3452370,
   3452658,
   3453532,
   3453655,
   3454511,
   3455085,
   3455195,
   3455368,
   3455700,
   3455902,
   3455960,
   3456028,
   3456148,
   3457149,
   3457151,
   3457287,
   3458475,
   3458596,
   3458599,
   3458625,
   3458647,
   3458695,
   3458696,
   3460830,
   3461719,
   3465309,
   3465840,
   3466140,
   3470922,
   3483367,
   3490474,
   3494547,
   3506447,
   3525172,
   3525269,
   3551544,
   3561154,
   3561155,
   3563031,
   3563365,
   3563501,
   3563687,
   3563877,
   3564989,
   3565097,
   3565534,
   3566600,
   3567934,
   3568186,
   3580159,
   3580367,
   3588814,
   3588910,
   3593649,
   3606755,
   3609628,
   3610036,
   3610125,
   3610191,
   3620337,
   3620352,
   3620405,
   3620460,
   3620462,
   3620495,
   3620588,
   3622671,
   3622672,
   3626112,
   3626508,
   3628578,
   3638170,
   3642651,
   3643971,
   3644274,
   3649540,
   3649552,
   3649557,
   3649561,
   3649563,
   3649564,
   3649575,
   3649590,
   3652763,
   3662829,
   3662902,
   3662903,
   3662912,
   3662942,
   3662951,
   3662993,
   3663002,
   3663008,
   3663011,
   3663013,
   3663025,
   3663039,
   3663067,
   3663312,
   3664482,
   3664707,
   3664735,
   3664851,
   3664852,
   3665231,
   3665280,
   3665418,
   3665714,
   3665732,
   3665735,
   3665769,
   3666669,
   3667968,
   3667970,
   3670035,
   3672020,
   3672033,
   3672059,
   3672250,
   3672462,
   3672471,
   3672497,
   3672529,
   3673212,
   3674255,
   3674449,
   3674850,
   3675117,
   3675123,
   3675624,
   3676006,
   3676008,
   3676011,
   3676149,
   3676151,
   3676169,
   3676398,
   3676418,
   3677060,
   3677105,
   3677390,
   3677881,
   3678260,
   3678354,
   3678358,
   3678363,
   3678366,
   3678508,
   3678729,
   3678856,
   3679048,
   3679356,
   3679367,
   3679502,
   3679605,
   3679605,
   3679734,
   3679800,
   3679977,
   3680212,
   3681017,
   3681033,
   3681659,
   3681811,
   3682997,
   3685467,
   3685468,
   3689112,
   3701204,
   3713569,
   3713706,
   3713750,
   3718208,
   3718208,
   3719034,
   3719049,
   3725224,
   3725226,
   3730819,
   3730819,
   3731703,
   3731703,
   3731704,
   3731704,
   3733663,
   3734391,
   3734735,
   3750920,
   3753391,
   3759475,
   3761452,
   3761587,
   3772223,
   3772609,
   3777231,
   3777805,
   3777930,
   3778141,
   3778499,
   3786253,
   3793413,
   3795821,
   3796207,
   3796991,
   3797154,
   3797807,
   3813441,
   3813441,
   3813446,
   3814565,
   3815033,
   3816775,
   3816776,
   3816831,
   3817014,
   3817304,
   3817326,
   3817345,
   3817346,
   3817348,
   3817381,
   3817417,
   3817469,
   3817469,
   3817478,
   3817479,
   3817483,
   3817492,
   3817499,
   3817566,
   3818088,
   3818100,
   3818563,
   3820894,
   3820919,
   3821046,
   3823325,
   3847190,
   3849147,
   3854765,
   3861304,
   3864772,
   3876959,
   3880206,
   3880991,
   3881233,
   3881541,
   3881543,
   3881552,
   3885941,
   3886857,
   3886861,
   3886902,
   3887008,
   3890584,
   3890612,
   3890628,
   3890647,
   3890720,
   3890836,
   3890949,
   3891017,
   3891041,
   3891047,
   3891216,
   3891261,
   3891309,
   3891327,
   3891327,
   3891349,
   3891370,
   3891379,
   3891449,
   3891467,
   3891492,
   3891513,
   3891517,
   3891523,
   3891524,
   3891525,
   3891544,
   3891630,
   3891648,
   3891672,
   3891739,
   3891858,
   3891865,
   3891887,
   3891912,
   3891918,
   3891950,
   3891969,
   3891988,
   3891996,
   3891997,
   3892030,
   3892041,
   3892043,
   3892123,
   3892158,
   3892423,
   3892430,
   3892481,
   3892561,
   3892583,
   3892619,
   3892651,
   3892694,
   3892751,
   3892830,
   3892891,
   3892928,
   3893168,
   3893667,
   3894433,
   3900307,
   3900887,
   3902998,
   3909926,
   3909928,
   3909929,
   3909956,
   3910023,
   3910034,
   3910159,
   3910267,
   3910339,
   3910376,
   3910438,
   3910450,
   3910511,
   3910512,
   3910514,
   3910531,
   3910531,
   3910535,
   3910556,
   3910584,
   3910588,
   3910619,
   3910651,
   3910661,
   3910684,
   3910685,
   3910695,
   3910721,
   3910723,
   3910725,
   3910727,
   3910728,
   3910735,
   3911263,
   3911264,
   3911265,
   3911266,
   3911332,
   3911333,
   3911334,
   3915029,
   3915035,
   3916722,
   3918195,
   3918196,
   3928019,
   3928032,
   3929828,
   3930112,
   3936723,
   3939913,
   3940506,
   3940901,
   3943579,
   3943616,
   3943678,
   3943680,
   3944525,
   3945259,
   3945675,
   3946184,
   3947165,
   3947762,
   3949685,
   3949686,
   3949889,
   3951173,
   3951252,
   3951332,
   3951764,
   3951863,
   3952457,
   3952686,
   3953301,
   3953491,
   3953671,
   3953784,
   3953788,
   3954089,
   3954102,
   3954106,
   3954230,
   3954709,
   3955009,
   3955099,
   3955262,
   3955667,
   3955691,
   3955855,
   3956210,
   3956852,
   3956984,
   3957258,
   3960538,
   3962377,
   3963209,
   3971206,
   3974647,
   3974658,
   3974659,
   3974660,
   3974687,
   3974693,
   3979908,
   3986817,
   3987235,
   3990582,
   3991260,
   3991517,
   3995605,
   3997711,
   3997794,
   3999365,
   3999597,
   4000027,
   4000088,
   4000785,
   4000989,
   4001027,
   4001463,
   4001514,
   4001552,
   4001645,
   4002270,
   4002364,
   4002445,
   4002772,
   4002938,
   4003076,
   4003189,
   4003311,
   4003335,
   4003403,
   4003432,
   4003573,
   4003658,
   4003722,
   4003798,
   4003841,
   4003967,
   4003979,
   4004505,
   4004654,
   4004824,
   4004825,
   4004984,
   4005080,
   4006990,
   4006992,
   4017265,
   4022291,
   4022584,
   4022695,
   4023005,
   4023385,
   4023555,
   4023686,
   4023687,
   4023690,
   4023706,
   4024163,
   4024183,
   4024185,
   4024214,
   4024221,
   4024222,
   4024231,
   4024249,
   4024249,
   4024291,
   4024292,
   4024311,
   4024324,
   4024344,
   4024349,
   4024355,
   4024383,
   4024384,
   4024409,
   4024411,
   4024433,
   4024449,
   4024469,
   4024482,
   4024505,
   4024529,
   4024537,
   4024545,
   4024573,
   4024576,
   4024646,
   4025180,
   4025180,
   4025257,
   4025461,
   4025587,
   4025635,
   4025676,
   4025699,
   4025719,
   4025779,
   4026046,
   4026152,
   4026167,
   4026204,
   4026218,
   4026234,
   4026248,
   4026254,
   4026282,
   4026310,
   4026388,
   4026424,
   4026488,
   4026516,
   4026517,
   4026535,
   4026591,
   4026648,
   4026665,
   4026666,
   4026826,
   4026830,
   4026972,
   4026975,
   4026994,
   4027040,
   4027108,
   4027142,
   4027145,
   4027147,
   4027187,
   4027189,
   4027261,
   4027296,
   4027389,
   4027449,
   4027477,
   4027488,
   4027509,
   4027521,
   4027542,
   4027547,
   4027567,
   4027595,
   4027637,
   4027639,
   4027683,
   4027705,
   4027747,
   4027753,
   4027862,
   4027883,
   4027922,
   4027950,
   4027976,
   4028028,
   4028037,
   4028062,
   4028072,
   4028077,
   4028095,
   4028130,
   4028131,
   4028133,
   4028150,
   4028151,
   4028453,
   4028487,
   4028509,
   4028518,
   4028549,
   4028581,
   4028589,
   4028604,
   4028616,
   4028647,
   4028712,
   4028733,
   4028759,
   4028766,
   4028772,
   4028791,
   4028808,
   4028832,
   4028849,
   4028929,
   4028957,
   4029158,
   4029180,
   4029231,
   4029246,
   4029297,
   4029351,
   4029413,
   4029419,
   4029515,
   4029518,
   4029539,
   4029572,
   4029573,
   4029584,
   4029605,
   4029608,
   4029617,
   4029638,
   4029653,
   4029672,
   4029674,
   4029691,
   4029692,
   4029712,
   4029714,
   4029741,
   4029749,
   4029775,
   4029777,
   4029809,
   4029813,
   4029953,
   4030048,
   4030231,
   4030355,
   4030360,
   4030361,
   4030365,
   4030369,
   4030387,
   4030388,
   4030392,
   4030467,
   4030504,
   4030555,
   4030602,
   4030630,
   4030652,
   4030655,
   4030660,
   4030680,
   4030687,
   4030713,
   4030715,
   4030721,
   4030790,
   4030857,
   4030893,
   4030908,
   4030997,
   4031002,
   4031019,
   4031091,
   4031174,
   4031201,
   4031233,
   4031241,
   4031367,
   4031458,
   4031490,
   4031522,
   4031575,
   4031640,
   4031645,
   4031746,
   4031776,
   4031780,
   4031784,
   4031822,
   4031838,
   4031857,
   4031869,
   4031875,
   4031980,
   4032002,
   4032038,
   4032072,
   4032172,
   4032300,
   4032351,
   4032365,
   4032376,
   4032398,
   4032462,
   4032473,
   4032491,
   4032493,
   4032520,
   4032543,
   4032558,
   4032572,
   4032609,
   4032669,
   4032670,
   4032675,
   4032723,
   4032728,
   4032784,
   4032824,
   4032851,
   4032862,
   4032863,
   4032865,
   4032898,
   4032906,
   4032973,
   4032997,
   4033121,
   4033129,
   4033212,
   4033229,
   4033250,
   4033263,
   4033310,
   4033342,
   4033347,
   4033395,
   4033504,
   4033517,
   4033541,
   4033590,
   4033676,
   4033683,
   4033700,
   4033720,
   4033722,
   4033799,
   4033826,
   4033868,
   4033893,
   4034080,
   4034083,
   4034084,
   4034087,
   4034121,
   4034130,
   4034190,
   4034224,
   4034237,
   4034261,
   4034265,
   4034301,
   4034308,
   4034374,
   4034377,
   4034381,
   4034394,
   4034424,
   4034451,
   4034508,
   4034526,
   4034543,
   4034575,
   4034595,
   4034627,
   4034629,
   4034638,
   4034661,
   4034668,
   4034673,
   4034685,
   4034698,
   4034777,
   4034789,
   4034796,
   4034891,
   4034908,
   4034954,
   4035126,
   4035254,
   4035277,
   4035301,
   4035333,
   4035340,
   4035357,
   4035361,
   4035384,
   4035396,
   4035406,
   4035419,
   4035422,
   4035426,
   4035430,
   4035448,
   4035450,
   4035472,
   4035473,
   4035498,
   4035505,
   4035523,
   4035535,
   4035548,
   4035568,
   4035610,
   4035620,
   4035629,
   4035646,
   4035652,
   4035655,
   4035708,
   4035717,
   4035726,
   4035735,
   4035747,
   4035751,
   4035753,
   4035761,
   4035773,
   4035786,
   4035789,
   4035790,
   4035804,
   4035805,
   4035814,
   4035834,
   4035849,
   4035862,
   4035865,
   4035870,
   4035873,
   4035964,
   4036048,
   4036148,
   4036261,
   4036276,
   4036359,
   4036400,
   4036401,
   4036425,
   4036469,
   4036514,
   4036515,
   4036524,
   4036580,
   4036729,
   4036784,
   4036822,
   4036898,
   4037011,
   4037044,
   4037080,
   4037180,
   4037184,
   4037185,
   4037243,
   4037268,
   4037279,
   4037308,
   4037309,
   4037313,
   4037344,
   4037350,
   4037366,
   4037375,
   4037403,
   4037408,
   4037422,
   4037428,
   4037567,
   4037597,
   4037627,
   4037630,
   4037636,
   4037657,
   4037659,
   4037695,
   4037722,
   4037754,
   4037757,
   4037776,
   4037783,
   4037802,
   4037814,
   4037827,
   4037836,
   4037855,
   4037863,
   4037937,
   4037950,
   4037952,
   4038058,
   4038073,
   4038079,
   4038118,
   4038131,
   4038131,
   4038142,
   4038158,
   4038165,
   4038186,
   4038193,
   4038195,
   4038201,
   4038211,
   4038219,
   4038227,
   4038240,
   4038277,
   4038285,
   4038292,
   4038297,
   4038412,
   4038426,
   4038428,
   4038437,
   4038444,
   4038458,
   4038487,
   4038488,
   4038560,
   4038571,
   4038614,
   4038638,
   4038703,
   4038734,
   4038808,
   4038949,
   4038977,
   4039219,
   4041922,
   4042187,
   4042243,
   4049633,
   4050461,
   4051074,
   4051084,
   4051106,
   4051161,
   4051251,
   4051254,
   4051259,
   4051259,
   4051267,
   4051270,
   4051279,
   4051280,
   4051287,
   4051336,
   4051456,
   4051466,
   4051495,
   4051505,
   4051505,
   4051512,
   4051623,
   4052254,
   4052254,
   4052255,
   4052256,
   4052258,
   4054290,
   4054291,
   4054618,
   4054618,
   4055828,
   4056261,
   4057771,
   4057804,
   4057805,
   4057806,
   4057811,
   4057816,
   4057839,
   4057859,
   4057864,
   4057865,
   4057866,
   4057872,
   4057906,
   4068038,
   4068039,
   4068041,
   4069711,
   4072779,
   4072782,
   4073145,
   4073771,
   4073777,
   4073854,
   4073855,
   4073865,
   4073908,
   4073959,
   4074017,
   4074082,
   4074123,
   4074162,
   4074234,
   4074255,
   4074303,
   4074313,
   4074331,
   4074338,
   4074394,
   4074530,
   4074564,
   4074568,
   4074616,
   4074655,
   4074703,
   4074718,
   4074724,
   4074760,
   4074761,
   4074770,
   4074785,
   4074812,
   4074857,
   4074868,
   4075038,
   4075115,
   4075174,
   4075186,
   4075204,
   4075233,
   4075242,
   4075249,
   4075272,
   4075353,
   4075361,
   4075377,
   4075384,
   4075402,
   4075410,
   4075414,
   4075433,
   4075476,
   4075531,
   4075572,
   4075601,
   4075655,
   4075709,
   4075743,
   4075745,
   4075772,
   4075788,
   4075903,
   4075903,
   4075912,
   4075913,
   4075917,
   4075977,
   4075977,
   4075994,
   4076045,
   4076085,
   4076114,
   4076303,
   4076304,
   4076324,
   4076336,
   4076347,
   4076415,
   4076437,
   4076508,
   4076509,
   4076564,
   4076623,
   4076663,
   4076740,
   4076813,
   4076862,
   4076882,
   4076889,
   4077001,
   4077010,
   4077018,
   4077117,
   4077118,
   4077177,
   4077189,
   4077318,
   4077321,
   4077365,
   4077376,
   4077378,
   4077379,
   4077382,
   4077403,
   4077406,
   4077530,
   4077551,
   4077576,
   4077579,
   4077583,
   4077593,
   4077625,
   4077641,
   4077652,
   4077654,
   4077694,
   4077732,
   4077763,
   4077764,
   4077843,
   4077867,
   4077874,
   4077954,
   4077962,
   4077986,
   4077989,
   4077995,
   4078003,
   4078076,
   4078332,
   4078336,
   4087925,
   4088386,
   4091609,
   4091802,
   4091999,
   4092017,
   4092018,
   4092019,
   4092020,
   4092021,
   4092022,
   4092023,
   4092024,
   4092027,
   4092028,
   4092029,
   4092030,
   4092031,
   4092032,
   4092033,
   4092034,
   4092035,
   4092036,
   4092037,
   4092038,
   4092039,
   4092040,
   4092041,
   4092042,
   4092043,
   4092062,
   4092067,
   4092097,
   4092118,
   4092130,
   4092132,
   4092134,
   4092163,
   4092195,
   4092268,
   4092273,
   4092285,
   4092300,
   4092312,
   4092375,
   4092444,
   4092455,
   4092457,
   4092464,
   4092486,
   4092569,
   4092616,
   4092616,
   4092654,
   4092662,
   4092698,
   4092699,
   4092721,
   4092745,
   4092909,
   4092947,
   4092957,
   4092987,
   4092991,
   4093002,
   4093004,
   4093102,
   4093202,
   4093376,
   4093429,
   4093440,
   4093528,
   4093609,
   4093625,
   4093711,
   4093727,
   4093733,
   4093751,
   4093752,
   4093753,
   4093853,
   4093863,
   4093904,
   4093917,
   4093989,
   4093992,
   4094018,
   4094027,
   4094030,
   4094064,
   4094111,
   4094118,
   4094146,
   4094164,
   4094208,
   4094219,
   4094219,
   4094309,
   4094364,
   4094377,
   4094381,
   4094385,
   4094403,
   4094420,
   4094432,
   4094486,
   4094492,
   4094505,
   4094509,
   4094547,
   4094557,
   4094601,
   4094601,
   4094644,
   4094656,
   4094692,
   4094694,
   4094707,
   4094738,
   4094751,
   4094760,
   4094768,
   4094796,
   4094811,
   4094884,
   4094894,
   4094923,
   4094933,
   4094947,
   4094978,
   4094980,
   4094981,
   4094991,
   4094992,
   4095001,
   4095027,
   4095048,
   4095052,
   4095076,
   4095092,
   4095116,
   4095119,
   4095120,
   4095122,
   4095132,
   4095138,
   4095140,
   4095143,
   4095161,
   4095181,
   4095199,
   4095239,
   4095240,
   4095303,
   4095321,
   4095369,
   4095370,
   4095372,
   4095374,
   4095381,
   4095407,
   4095419,
   4095432,
   4095436,
   4095477,
   4095492,
   4095495,
   4095506,
   4095509,
   4095525,
   4095538,
   4095540,
   4095549,
   4095550,
   4095592,
   4095599,
   4095605,
   4095637,
   4095651,
   4095669,
   4095684,
   4095686,
   4095686,
   4095694,
   4095695,
   4095701,
   4095705,
   4095719,
   4095746,
   4095905,
   4095906,
   4095929,
   4096153,
   4096199,
   4096204,
   4096212,
   4096212,
   4096214,
   4096229,
   4096278,
   4096281,
   4096312,
   4096373,
   4096397,
   4096460,
   4096469,
   4096471,
   4096478,
   4096488,
   4096490,
   4096492,
   4096499,
   4096509,
   4096511,
   4096512,
   4096546,
   4096575,
   4096580,
   4096631,
   4096676,
   4096724,
   4096749,
   4096759,
   4096778,
   4096784,
   4096785,
   4096845,
   4096858,
   4096859,
   4096862,
   4096883,
   4096903,
   4096948,
   4096949,
   4096955,
   4096976,
   4097022,
   4097026,
   4097065,
   4097088,
   4097096,
   4097099,
   4097102,
   4097181,
   4097261,
   4097272,
   4097275,
   4097307,
   4097308,
   4097325,
   4097362,
   4097398,
   4097535,
   4097553,
   4097570,
   4097584,
   4097592,
   4097594,
   4097642,
   4097659,
   4097680,
   4097698,
   4097716,
   4097728,
   4097728,
   4097740,
   4097741,
   4097787,
   4097792,
   4097795,
   4097808,
   4097827,
   4097856,
   4097872,
   4097880,
   4097984,
   4098001,
   4098007,
   4098019,
   4098026,
   4098029,
   4098035,
   4098041,
   4098067,
   4098111,
   4098123,
   4098250,
   4098267,
   4098276,
   4098285,
   4098290,
   4098308,
   4098333,
   4098333,
   4098338,
   4098343,
   4098381,
   4098404,
   4098405,
   4098433,
   4098453,
   4098462,
   4098478,
   4098505,
   4098577,
   4102313,
   4105239,
   4105261,
   4105266,
   4105267,
   4108472,
   4109423,
   4111280,
   4111648,
   4111666,
   4111845,
   4111851,
   4111862,
   4112554,
   4114942,
   4132762,
   4133774,
   4134041,
   4135266,
   4136803,
   4136881,
   4137220,
   4137221,
   4137276,
   4138028,
   4138029,
   4138283,
   4138660,
   4138678,
   4138723,
   4138804,
   4139894,
   4141690,
   4141716,
   4142287,
   4142819,
   4143007,
   4143025,
   4143612,
   4143823,
   4144478,
   4145270,
   4145284,
   4145306,
   4145527,
   4145835,
   4145835,
   4146777,
   4148443,
   4148487,
   4148941,
   4149199,
   4149605,
   4150314,
   4151067,
   4151236,
   4151278,
   4151419,
   4152283,
   4152834,
   4153525,
   4153963,
   4154577,
   4154846,
   4155034,
   4155047,
   4156794,
   4158189,
   4158407,
   4166154,
   4166469,
   4178088,
   4178668,
   4178668,
   4179183,
   4179258,
   4179291,
   4179622,
   4179623,
   4179628,
   4179804,
   4179898,
   4181250,
   4182732,
   4195241,
   4199099,
   4202690,
   4202691,
   4203595,
   4205286,
   4206419,
   4206484]),
 ('000',
  [53146,
   72500,
   99759,
   99799,
   99800,
   99801,
   104134,
   104135,
   104136,
   105732,
   105735,
   122180,
   188871,
   188871,
   189115,
   189115,
   189683,
   189683,
   198553,
   208067,
   209804,
   254214,
   274458,
   293847,
   327895,
   332726,
   332728,
   333313,
   335378,
   336305,
   336317,
   337499,
   337902,
   339121,
   339132,
   339133,
   339162,
   339163,
   339181,
   339846,
   339866,
   339871,
   339880,
   339881,
   340722,
   341753,
   341991,
   341993,
   341995,
   341996,
   341998,
   341999,
   342001,
   342002,
   342320,
   342321,
   342325,
   342326,
   342327,
   342335,
   342691,
   342769,
   343272,
   343294,
   343301,
   343304,
   343305,
   343315,
   343321,
   343322,
   343324,
   343373,
   343419,
   343432,
   343449,
   343453,
   343561,
   343597,
   344188,
   344381,
   344382,
   344384,
   344643,
   344644,
   344645,
   344646,
   344647,
   345665,
   345673,
   345675,
   345743,
   346239,
   346517,
   346775,
   348611,
   348612,
   349415,
   349491,
   350017,
   350174,
   350252,
   350602,
   350615,
   350666,
   350675,
   350678,
   350866,
   351637,
   351996,
   351997,
   352000,
   352004,
   352125,
   352346,
   352543,
   352596,
   352939,
   353082,
   353736,
   354291,
   363809,
   363815,
   364057,
   382202,
   409484,
   467385,
   489188,
   500991,
   524778,
   564958,
   570341,
   575772,
   584918,
   584920,
   584944,
   584955,
   584956,
   584962,
   585430,
   585643,
   605021,
   605022,
   645656,
   647198,
   649395,
   649888,
   649888,
   650232,
   650326,
   650326,
   650385,
   664075,
   677874,
   678030,
   681697,
   684294,
   687226,
   695270,
   696367,
   700218,
   700218,
   706420,
   710325,
   711948,
   711948,
   717460,
   733402,
   735734,
   756256,
   776308,
   776542,
   845062,
   881017,
   930433,
   930433,
   943126,
   955083,
   965478,
   966057,
   1030245,
   1045291,
   1052738,
   1052739,
   1052976,
   1053041,
   1053340,
   1053394,
   1053598,
   1053864,
   1053906,
   1055185,
   1056679,
   1074153,
   1092356,
   1126704,
   1221721,
   1235641,
   1236182,
   1279921,
   1288785,
   1336343,
   1361032,
   1363499,
   1379924,
   1407200,
   1446128,
   1468418,
   1483730,
   1494776,
   1502350,
   1502350,
   1514929,
   1514929,
   1571135,
   1606108,
   1606108,
   1606108,
   1618938,
   1620463,
   1670651,
   1741225,
   1763420,
   1783862,
   1787613,
   1787662,
   1787663,
   1788004,
   1788007,
   1788594,
   1788883,
   1788912,
   1788933,
   1891021,
   1902825,
   1903767,
   1906028,
   1908543,
   1908543,
   1913064,
   1945973,
   1952176,
   1953186,
   1981233,
   1981233,
   1981285,
   1981285,
   1985120,
   1994590,
   1997951,
   2002207,
   2020282,
   2021945,
   2022168,
   2026666,
   2028924,
   2059708,
   2060031,
   2066234,
   2066303,
   2076257,
   2157139,
   2169733,
   2174327,
   2174329,
   2174329,
   2174329,
   2174330,
   2174330,
   2174331,
   2174331,
   2174332,
   2174332,
   2174333,
   2174333,
   2174334,
   2209457,
   2218244,
   2221328,
   2221328,
   2228660,
   2276986,
   2282758,
   2282763,
   2282766,
   2282771,
   2282982,
   2283129,
   2283130,
   2302508,
   2302657,
   2323271,
   2323467,
   2336545,
   2336545,
   2368528,
   2396946,
   2406858,
   2431617,
   2450779,
   2466871,
   2480863,
   2481707,
   2481713,
   2481715,
   2481723,
   2481829,
   2493861,
   2510865,
   2511279,
   2527140,
   2528890,
   2530949,
   2532648,
   2533050,
   2533050,
   2543677,
   2621389,
   2621392,
   2621393,
   2621394,
   2621395,
   2627521,
   2627522,
   2627523,
   2627524,
   2627525,
   2627526,
   2627527,
   2627528,
   2627529,
   2627530,
   2627531,
   2627532,
   2630665,
   2688168,
   2688168,
   2700493,
   2737544,
   2737544,
   2745766,
   2793771,
   2818717,
   2818717,
   2895307,
   2899878,
   2904027,
   2926256,
   2926347,
   2952989,
   2957924,
   2963260,
   2974297,
   2974382,
   2974446,
   2974471,
   2975601,
   2977968,
   2978631,
   2979203,
   2979208,
   2979302,
   2979303,
   2979304,
   2979562,
   2983601,
   3050570,
   3140448,
   3201068,
   3202133,
   3207027,
   3213633,
   3217906,
   3219740,
   3219868,
   3222117,
   3228280,
   3228366,
   3228380,
   3228381,
   3228556,
   3247920,
   3247928,
   3247931,
   3247938,
   3247939,
   3247945,
   3247948,
   3247951,
   3247953,
   3247959,
   3247962,
   3247963,
   3247965,
   3247967,
   3247968,
   3247969,
   3247970,
   3247972,
   3247976,
   3247977,
   3247978,
   3247979,
   3247980,
   3247981,
   3247985,
   3247989,
   3247992,
   3247993,
   3247996,
   3248000,
   3276994,
   3284193,
   3312144,
   3312144,
   3339722,
   3339722,
   3361544,
   3361544,
   3396636,
   3411622,
   3465327,
   3467493,
   3488629,
   3499752,
   3502311,
   3514236,
   3638405,
   3724064,
   3724279,
   3731162,
   3826059,
   3861896,
   3861896,
   3985397,
   3998776,
   3999173,
   3999503,
   4010091,
   4024635,
   4033903,
   4044066,
   4044067,
   4045351,
   4045351,
   4046157,
   4046157,
   4056966,
   4139615,
   4146927,
   4152222,
   4152453,
   4153434,
   4153791,
   4153792,
   4153793,
   4154710,
   4155990,
   4204936]),
 ('0000', [371267]),
 ('00000001', [371267]),
 ('000002', [426180]),
 ('0001', [170339, 424854, 856260, 3905791]),
 ('000131', [375270]),
 ('00026946', [2125477]),
 ('0005', [1602939])]
